1648818730.9993966 0 0 
1648818731.1270754 0.0051270313572912 2.1352859017168555 
1648818731.1432893 0.0051270313572912 3.1097620665479164 
1648818731.1519506 0.0078126192111104 2.432211588698536 
1648818731.165993 0.006225680933853599 -0.6193062560715368 
1648818731.1824696 0.0056153200579856 2.0983739257762855 
1648818731.1987343 0.005737392233159199 1.789943207332609 
1648818731.2112963 0.005737392233159199 1.789943207332609 
1648818731.2277105 0.0074464026855896 2.2097809804332798 
1648818731.247896 0.0042725261310759995 -0.4510451709398451 
1648818731.2606533 0.0042725261310759995 -0.4510451709398451 
1648818731.2804499 0.0042725261310759995 -0.4510451709398451 
1648818731.3622456 0.00610360875868 2.089169900606688 
1648818731.37881 0.0102540627145824 2.4101602783963765 
1648818731.3913748 0.0102540627145824 2.4101602783963765 
1648818731.4112747 0.006713969634547999 -0.22420430061415741 
1648818731.4241803 0.006713969634547999 -0.22420430061415741 
1648818731.4404588 0.0037842374303816 -2.4743967040562085 
1648818731.460436 0.0084229800869784 1.1006000722346823 
1648818731.4766793 0.0086671244373256 0.7606263925327004 
1648818731.4896228 0.0086671244373256 0.7606263925327004 
1648818731.6207113 0.0046387426565968 -1.103859831145935 
1648818731.6407628 0.0145265888456584 2.201631583147699 
1648818731.6575577 0.0051270313572912 2.7222342568030182 
1648818731.6737258 0.0075684748607632 1.5369283904308801 
1648818731.6861622 0.0075684748607632 1.5369283904308801 
1648818731.7063365 0.0053711757076384 -1.1516057117132183 
1648818731.722485 0.008545052262151999 -1.5420097793236158 
1648818731.7350936 0.008545052262151999 -1.5420097793236158 
1648818731.751619 0.0080567635614576 -1.3134431542786287 
1648818731.7678838 0.007690547035936799 -0.8898662459528093 
1648818731.7843425 0.007324330510416 -2.3316384386652746 
1648818731.8006654 0.0108644235904504 2.9146559080049013 
1648818731.8168962 0.0126955062180544 2.3308714365707877 
1648818731.836983 0.0145265888456584 1.5926319177593777 
1648818731.8531775 0.007324330510416 0.44442977785217685 
1648818731.882373 0.007324330510416 0.44442977785217685 
1648818731.9024215 0.0118410009918392 -1.3295501983254232 
1648818731.9352348 0.0142824444953112 0.2833593373842329 
1648818731.9512322 0.0069581139848952 -1.9277159590870319 
1648818731.9643872 0.0069581139848952 -1.9277159590870319 
1648818731.9873333 0.0185549706263872 0.9902476454617037 
1648818732.0198066 0.007324330510416 0.34481538044372817 
1648818732.0301569 0.007324330510416 0.34481538044372817 
1648818732.0692203 0.0037842374303816 0.9482542806254184 
1648818732.1019065 0.009765774013888 -1.9514930241084902 
1648818732.1279597 0.009765774013888 -1.9514930241084902 
1648818732.150761 0.0040283817807288 -2.794428329224064 
1648818732.1653633 0.0045166704814232 -2.9900138640779956 
1648818732.183598 0.010376134889756 -2.1695133703133145 
1648818732.2152362 0.0013427939269096 -1.7680836475518373 
1648818732.231499 0.0050049591821176 -1.8927214883901273 
1648818732.2481728 0.0050049591821176 -1.8927214883901273 
1648818732.2788048 0.0050049591821176 -1.8927214883901273 
1648818732.3116486 0.0050049591821176 -1.8927214883901273 
1648818732.3243802 0.0050049591821176 -1.8927214883901273 
1648818732.3407116 0.0050049591821176 -1.8927214883901273 
1648818732.3641086 0.0010986495765624 2.667681232620721 
1648818732.381735 0.0 0.5833530327557783 
1648818732.3900645 0.0 0.5833530327557783 
1648818732.4129214 0.0001220721751736 -2.736615546127534 
1648818732.4224246 0.0001220721751736 -2.736615546127534 
1648818732.4430313 0.0010986495765624 1.7834236895041444 
1648818732.4595368 0.000610360875868 2.3102582552013784 
1648818732.4760077 0.0003662165255208 2.0466971594594865 
1648818732.4926789 0.0001220721751736 2.6506154359520933 
1648818732.6844146 0.0001220721751736 2.6506154359520933 
1648818732.7246327 0.0 -2.886180955133482 
1648818732.7408226 0.0 -2.922709430025319 
1648818732.7661502 0.0 -2.922709430025319 
1648818732.8715613 0.0008545052262152 -1.092354799683939 
1648818732.904144 0.0001220721751736 3.08080773736856 
1648818732.9298956 0.0001220721751736 3.08080773736856 
1648818732.9696605 0.0003662165255208 -1.2778734320086245 
1648818732.9954371 0.0003662165255208 -1.2778734320086245 
1648818733.0282102 0.0004882887006944 -1.1845868019042736 
1648818733.0671923 0.0001220721751736 -3.0743840947992997 
1648818733.083971 0.0001220721751736 -2.9972045087417434 
1648818733.109972 0.0001220721751736 -2.9972045087417434 
1648818733.149152 0.0002441443503472 2.645725797580745 
1648818733.216618 0.000610360875868 2.3473619816663147 
1648818733.224559 0.000610360875868 2.3473619816663147 
1648818733.3143966 0.000610360875868 2.3473619816663147 
1648818733.3232045 0.000610360875868 2.3473619816663147 
1648818733.3395782 0.000610360875868 2.3473619816663147 
1648818733.355634 0.000610360875868 2.3473619816663147 
1648818733.3719158 0.0002441443503472 -1.303951503322482 
1648818733.3939767 0.0001220721751736 -3.054250289740807 
1648818733.4090111 0.0 -2.806987988570076 
1648818733.4255965 0.0001220721751736 -1.6747970174474864 
1648818733.4419515 0.0001220721751736 -3.1082280623500047 
1648818733.4535913 0.0001220721751736 -3.1082280623500047 
1648818733.4746885 0.000610360875868 2.3544567510678798 
1648818733.4908326 0.0010986495765624 -1.0724127451498124 
1648818733.502753 0.0010986495765624 -1.0724127451498124 
1648818733.5190737 0.0007324330510416 2.3088201262686283 
1648818733.5354211 0.0002441443503472 2.5090076737073588 
1648818733.5594952 0.000610360875868 2.350717615842731 
1648818733.5776844 0.000610360875868 -1.1321430334900082 
1648818733.5844505 0.000610360875868 -1.1321430334900082 
1648818733.60499 0.0004882887006944 2.3969294922150812 
1648818733.6217725 0.0001220721751736 -1.6914793130673806 
1648818733.6501975 0.0001220721751736 -1.6914793130673806 
1648818733.7240655 0.0003662165255208 2.413995288883709 
1648818733.7549465 0.0010986495765624 2.2631835014693777 
1648818733.862794 0.0010986495765624 2.2631835014693777 
1648818733.903452 0.0001220721751736 -3.0178176901111526 
1648818733.952591 0.0001220721751736 -2.9029591260155594 
1648818733.9839184 0.0001220721751736 -1.675947520593686 
1648818734.010083 0.0001220721751736 -1.675947520593686 
1648818734.0328832 0.0003662165255208 -1.2709704131314268 
1648818734.049029 0.0 -2.700087071235697 
1648818734.0590544 0.0 -2.700087071235697 
1648818734.0984182 0.0001220721751736 -1.6284892658129526 
1648818734.1082876 0.0001220721751736 -1.6284892658129526 
1648818734.1325514 0.0003662165255208 2.4197478046147065 
1648818734.141005 0.0003662165255208 2.4197478046147065 
1648818734.1614165 0.0 -2.841503082956064 
1648818734.173701 0.0 -2.841503082956064 
1648818734.1900814 0.0003662165255208 -1.2829548209043393 
1648818734.2111049 0.000610360875868 2.3402672122647505 
1648818734.2272215 0.000610360875868 2.3402672122647505 
1648818734.2392476 0.000610360875868 2.3402672122647505 
1648818734.2630458 0.000610360875868 2.3402672122647505 
1648818734.2778006 0.000610360875868 2.3402672122647505 
1648818734.2952619 0.000610360875868 2.3402672122647505 
1648818734.312016 0.000610360875868 2.3402672122647505 
1648818734.320863 0.000610360875868 2.3402672122647505 
1648818734.342036 0.0001220721751736 -3.029706222621882 
1648818734.35373 0.0001220721751736 -3.029706222621882 
1648818734.3746076 0.0009765774013888 -1.0884239139344238 
1648818734.39103 0.0002441443503472 2.5578081821586585 
1648818734.407472 0.0001220721751736 3.076876851619045 
1648818734.4190657 0.0001220721751736 3.076876851619045 
1648818734.4353547 0.0004882887006944 -1.1836280492824405 
1648818734.4517436 0.0001220721751736 -1.5082616870350942 
1648818734.475321 0.0001220721751736 -1.700203961926061 
1648818734.4844806 0.0001220721751736 -1.700203961926061 
1648818734.5060692 0.0003662165255208 2.414666415718992 
1648818734.517221 0.0003662165255208 2.414666415718992 
1648818734.5378158 0.0004882887006944 -1.1703013878389619 
1648818734.549987 0.0004882887006944 -1.1703013878389619 
1648818734.5673175 0.0002441443503472 2.6389186539657308 
1648818734.5875442 0.0001220721751736 -1.6665517448997227 
1648818734.59903 0.0001220721751736 -1.6665517448997227 
1648818734.615446 0.0 -3.0228032037446844 
1648818734.6392958 0.0001220721751736 -1.5102750675409435 
1648818734.648183 0.0001220721751736 -1.5102750675409435 
1648818734.6696527 0.0004882887006944 -1.1779714088136257 
1648818734.6808875 0.0004882887006944 -1.1779714088136257 
1648818734.7136986 0.0002441443503472 2.645821672842928 
1648818734.7527232 0.0 -2.8320114319999172 
1648818734.769682 0.0001220721751736 -2.8955767308274454 
1648818734.802109 0.0003662165255208 2.419364303565973 
1648818734.8344884 0.0003662165255208 2.4246374429860547 
1648818734.8687568 0.0001220721751736 2.713413732682154 
1648818734.9002848 0.0001220721751736 -2.876976929963885 
1648818734.9329755 0.0001220721751736 -1.7301170437272506 
1648818734.942732 0.0001220721751736 -1.7301170437272506 
1648818735.0150075 0.0003662165255208 -1.2559179969686487 
1648818735.1397629 0.0003662165255208 -1.2559179969686487 
1648818735.1719723 0.0004882887006944 2.357141258409012 
1648818735.2047992 0.0 -2.6939510544559653 
1648818735.2309937 0.0002441443503472 2.638439277654814 
1648818735.2415695 0.0002441443503472 2.638439277654814 
1648818735.2608402 0.0002441443503472 2.638439277654814 
1648818735.2700422 0.0002441443503472 2.638439277654814 
1648818735.2963822 0.0002441443503472 2.638439277654814 
1648818735.3077168 0.0002441443503472 2.638439277654814 
1648818735.3237808 0.0002441443503472 2.638439277654814 
1648818735.3397508 0.0 -2.639493905535851 
1648818735.3561242 0.000610360875868 2.3562783810493624 
1648818735.3683038 0.000610360875868 2.3562783810493624 
1648818735.391902 0.000610360875868 2.348320734288148 
1648818735.4009998 0.000610360875868 2.348320734288148 
1648818735.4232886 0.0 -2.663750346868226 
1648818735.439168 0.0003662165255208 -1.2887073366353374 
1648818735.4587517 0.0001220721751736 -1.7527436056025094 
1648818735.4664602 0.0001220721751736 -1.7527436056025094 
1648818735.49026 0.0002441443503472 2.632974387710366 
1648818735.5049329 0.0003662165255208 -1.2714497894423433 
1648818735.515575 0.0003662165255208 -1.2714497894423433 
1648818735.5321429 0.0 -2.6244414893730728 
1648818735.5532432 0.0002441443503472 2.6439041675992616 
1648818735.5650892 0.0002441443503472 2.6439041675992616 
1648818735.581114 0.0001220721751736 -1.6024111944990949 
1648818735.5977244 0.0004882887006944 -1.1672333794490963 
1648818735.6139104 0.001220721751736 2.264813380926494 
1648818735.6302888 0.0001220721751736 -1.8371138363238133 
1648818735.6515806 0.0001220721751736 -2.9624017885692053 
1648818735.6676934 0.0001220721751736 -2.922613554763136 
1648818735.684161 0.0001220721751736 -2.915231159575022 
1648818735.7030854 0.000610360875868 2.356182505787179 
1648818735.7372365 0.0003662165255208 2.4421826159655993 
1648818735.767833 0.0 -2.546111400169317 
1648818735.800448 0.0003662165255208 2.4101602783963765 
1648818735.8269448 0.0003662165255208 2.4101602783963765 
1648818735.8594487 0.0001220721751736 -1.6346252825926837 
1648818735.8986485 0.000610360875868 2.3437187217033495 
1648818735.9153793 0.0003662165255208 -1.2753806751918586 
1648818735.9467456 0.0001220721751736 -2.988479859883063 
1648818735.963381 0.0001220721751736 -2.966332674318721 
1648818735.9740055 0.0001220721751736 -2.966332674318721 
1648818735.990328 0.0 -2.9253939373664517 
1648818736.0131292 0.0003662165255208 -1.2893784634706205 
1648818736.0282075 0.0 -2.656080325893562 
1648818736.0395093 0.0 -2.656080325893562 
1648818736.0609856 0.000610360875868 2.351196992153647 
1648818736.0774305 0.0002441443503472 -1.3266739404599242 
1648818736.0939987 0.0004882887006944 2.3564701315737286 
1648818736.1122048 0.0004882887006944 -1.196187708628453 
1648818736.1213794 0.0004882887006944 -1.196187708628453 
1648818736.1443086 0.0004882887006944 2.402106756372979 
1648818736.1601439 0.0001220721751736 -3.0410195035595113 
1648818736.1766047 0.0 -2.825491914171453 
1648818736.1868029 0.0 -2.825491914171453 
1648818736.20793 0.0003662165255208 2.4172550477979406 
1648818736.2244167 0.0003662165255208 2.4172550477979406 
1648818736.2405572 0.0003662165255208 2.4172550477979406 
1648818736.2596862 0.0003662165255208 2.4172550477979406 
1648818736.2774243 0.0003662165255208 2.4172550477979406 
1648818736.292346 0.0003662165255208 2.4172550477979406 
1648818736.3087332 0.0003662165255208 2.4172550477979406 
1648818736.3249543 0.0003662165255208 2.4172550477979406 
1648818736.3341763 0.0003662165255208 2.4172550477979406 
1648818736.353983 0.0003662165255208 -1.2734631699481926 
1648818736.3679593 0.0 -2.682350147731786 
1648818736.384951 0.0001220721751736 -3.008709540203739 
1648818736.3995996 0.0001220721751736 -2.974769697390851 
1648818736.4244077 0.0 -2.388588344402155 
1648818736.4399362 0.0004882887006944 2.372385425096156 
1648818736.521118 0.0003662165255208 -1.2801744383010236 
1648818736.5533538 0.0010986495765624 -1.0711663667414295 
1648818736.5861726 0.0009765774013888 -1.0819043961059593 
1648818736.618638 0.0004882887006944 2.385424460753085 
1648818736.6509705 0.0004882887006944 -1.1728900199179109 
1648818736.6667302 0.0003662165255208 -1.258890130096331 
1648818736.6837108 0.0 -2.7648028732094243 
1648818736.6943138 0.0 -2.7648028732094243 
1648818736.7106 0.0001220721751736 -3.0652759448918863 
1648818736.7319593 0.0003662165255208 2.42971883188177 
1648818736.7432709 0.0003662165255208 2.42971883188177 
1648818736.7645102 0.0 -2.720604377342923 
1648818736.7807133 0.000610360875868 2.349279486909981 
1648818736.8145494 0.0001220721751736 2.7538730933235067 
1648818736.8482113 0.0 -2.846872097638329 
1648818736.8644562 0.0 -2.907081762289441 
1648818736.8810222 0.0 -2.915710535885938 
1648818736.890573 0.0 -2.915710535885938 
1648818736.906975 0.0001220721751736 -2.917532165867421 
1648818736.9234 0.0 -2.9103415212036734 
1648818736.9397414 0.0010986495765624 2.2644298798777607 
1648818736.9633517 0.0 -2.8470638481626955 
1648818736.9864292 0.0001220721751736 3.134210258404658 
1648818737.0004852 0.0002441443503472 2.6297146287961333 
1648818737.014184 0.0001220721751736 -1.5879340299094167 
1648818737.024478 0.0001220721751736 -1.5879340299094167 
1648818737.045381 0.0002441443503472 -1.2922547213361195 
1648818737.062463 0.0007324330510416 -1.1122968542180653 
1648818737.0784786 0.0002441443503472 -1.345177866061301 
1648818737.0945263 0.000610360875868 2.344102222752083 
1648818737.1140146 0.000610360875868 -1.1252400146128108 
1648818737.1206605 0.000610360875868 -1.1252400146128108 
1648818737.2253528 0.0003662165255208 2.452345393757029 
1648818737.2344062 0.0003662165255208 2.452345393757029 
1648818737.2507334 0.0003662165255208 2.452345393757029 
1648818737.2745051 0.0003662165255208 2.452345393757029 
1648818737.2922318 0.0003662165255208 2.452345393757029 
1648818737.3066099 0.0003662165255208 2.452345393757029 
1648818737.3162093 0.0003662165255208 2.452345393757029 
1648818737.3732996 0.0008545052262152 -1.1013670743291692 
1648818737.3878715 0.002441443503472 -1.394649501347884 
1648818737.4144516 0.002441443503472 -1.394649501347884 
1648818737.4471197 0.0014648661020832 -1.6195728664299056 
1648818737.463469 0.0013427939269096 -1.0205442283086472 
1648818737.486112 0.0021972991531248 -1.2616705126996468 
1648818737.5126204 0.0021972991531248 -1.2616705126996468 
1648818737.552214 0.001831082627604 -0.8903456222637258 
1648818737.5782044 0.001831082627604 -0.8903456222637258 
1648818737.618354 0.0015869382772568 2.451578391659562 
1648818737.6512947 0.0007324330510416 2.68685628505738 
1648818737.6764395 0.0007324330510416 2.68685628505738 
1648818737.7143915 0.001831082627604 0.16993890222138885 
1648818737.7745004 0.001831082627604 0.16993890222138885 
1648818737.7977002 0.0098878461890616 1.7460323372526574 
1648818737.8131845 0.007202258335242399 1.2963773576129807 
1648818737.8301811 0.0118410009918392 -0.43369174848466807 
1648818737.8448443 0.0119630731670128 0.04702681610239834 
1648818737.8776546 0.007690547035936799 -1.6003978139932455 
1648818737.88914 0.007690547035936799 -1.6003978139932455 
1648818737.9054928 0.008545052262151999 -1.951109523059757 
1648818737.9443312 0.011474784466318399 -2.4594401631556138 
1648818737.9770842 0.0047608148317703994 3.1070775592067843 
1648818737.9932413 0.0013427939269096 -0.424487723315071 
1648818738.020018 0.0013427939269096 -0.424487723315071 
1648818738.0424817 0.0137941557946168 1.328783196230936 
1648818738.0527968 0.0137941557946168 1.328783196230936 
1648818738.0692115 0.0112306401159712 1.0662767283730608 
1648818738.0854836 0.0031738765545136 2.628276499863384 
1648818738.1018822 0.0045166704814232 -1.015079338364199 
1648818738.1245399 0.0120851453421864 -2.07699374230643 
1648818738.1511128 0.0120851453421864 -2.07699374230643 
1648818738.1808138 0.0023193713282984 2.1820730296623063 
1648818738.1854603 0.0023193713282984 2.1820730296623063 
1648818738.2236898 0.0037842374303816 2.297123344282266 
1648818738.2328985 0.0037842374303816 2.297123344282266 
1648818738.2565575 0.0037842374303816 2.297123344282266 
1648818738.265593 0.0037842374303816 2.297123344282266 
1648818738.302554 0.0037842374303816 2.297123344282266 
1648818738.3194468 0.0058594644083328 1.1752869014754728 
1648818738.3352423 0.0008545052262152 -3.0104352949230386 
1648818738.3474581 0.0008545052262152 -3.0104352949230386 
1648818738.3727765 0.0106202792401032 -1.3575457748829467 
1648818738.3801103 0.0106202792401032 -1.3575457748829467 
1648818738.4184215 0.0029297322041664 1.093792928619668 
1648818738.429276 0.0029297322041664 1.093792928619668 
1648818738.445694 0.0053711757076384 1.732322174760446 
1648818738.4676414 0.0100099183642352 -1.5735527405819216 
1648818738.4846044 0.006225680933853599 0.16456988753912416 
1648818738.5112627 0.006225680933853599 0.16456988753912416 
1648818738.5495982 0.005493247882812 -2.483888355012355 
1648818738.582569 0.0078126192111104 -0.42947323694860273 
1648818738.616033 0.0070801861600688 0.8794158423778091 
1648818738.6421492 0.0070801861600688 0.8794158423778091 
1648818738.6816278 0.0100099183642352 0.3174909307214877 
1648818738.6976786 0.0106202792401032 0.7045393641554698 
1648818738.714263 0.0106202792401032 0.7045393641554698 
1648818738.744024 0.0089112687876728 -0.14175157513651948 
1648818738.760474 0.0096437018387144 0.4596739445393214 
1648818738.7732081 0.0096437018387144 0.4596739445393214 
1648818738.7929513 0.0113527122911448 -2.230777662848443 
1648818738.8132737 0.0069581139848952 -0.927449348728663 
1648818738.8811305 0.0064698252842008 -2.4480310069558007 
1648818738.888459 0.0064698252842008 -2.4480310069558007 
1648818738.9041004 0.0129396505684016 -0.564369730840506 
1648818738.926506 0.0092774853131936 -1.1253358898749943 
1648818738.93682 0.0092774853131936 -1.1253358898749943 
1648818738.9532435 0.0227054245822896 -1.7653032649485216 
1648818738.969475 0.007934691386284 -1.2312780545875406 
1648818738.9859393 0.0068360418097216 -0.972127220906081 
1648818739.0350692 0.0100099183642352 -0.9568830542189359 
1648818739.059052 0.0041504539559024 0.8017568800093358 
1648818739.0678482 0.0041504539559024 0.8017568800093358 
1648818739.0841274 0.012451361867707199 -1.7702887785820531 
1648818739.1079009 0.007934691386284 -0.5624522255968398 
1648818739.1168966 0.007934691386284 -0.5624522255968398 
1648818739.1333172 0.011474784466318399 -0.5052146940734099 
1648818739.1519234 0.0086671244373256 -1.9885967505734272 
1648818739.1897743 0.0147707331960056 0.04894432134606408 
1648818739.2067301 0.0147707331960056 0.04894432134606408 
1648818739.2251012 0.0147707331960056 0.04894432134606408 
1648818739.238152 0.0147707331960056 0.04894432134606408 
1648818739.2477934 0.0147707331960056 0.04894432134606408 
1648818739.2699897 0.0147707331960056 0.04894432134606408 
1648818739.280678 0.0147707331960056 0.04894432134606408 
1648818739.3029196 0.0147707331960056 0.04894432134606408 
1648818739.318965 0.0179446097505192 -0.9848786307764597 
1648818739.335174 0.022583352407115998 -1.4186183168937088 
1648818739.3460748 0.022583352407115998 -1.4186183168937088 
1648818739.3688843 0.0112306401159712 -0.137437188338271 
1648818739.3952343 0.0112306401159712 -0.137437188338271 
1648818739.4675577 0.0159914549477416 2.059352694067682 
1648818739.4935617 0.0159914549477416 2.059352694067682 
1648818739.533128 0.0053711757076384 -0.4812458785275848 
1648818739.56695 0.0080567635614576 2.8781274331130637 
1648818739.575291 0.0080567635614576 2.8781274331130637 
1648818739.5973055 0.0135500114442696 0.14060107199329908 
1648818739.607971 0.0135500114442696 0.14060107199329908 
1648818739.6465485 0.0162355992980888 -0.531772141698184 
1648818739.6640491 0.009521629663540799 -0.8425997416964424 
1648818739.6734488 0.009521629663540799 -0.8425997416964424 
1648818739.6977189 0.0111085679407976 -0.47616448963186997 
1648818739.7114494 0.010986495765624 -0.05335458340351673 
1648818739.7226508 0.010986495765624 -0.05335458340351673 
1648818739.7718298 0.0130617227435752 -2.102975938358104 
1648818739.7881737 0.013427939269095999 -1.9162109276250359 
1648818739.81085 0.0173342488746512 -0.7288916807470485 
1648818739.825936 0.013427939269095999 2.3119840099206774 
1648818739.8419933 0.0137941557946168 2.1721978776574264 
1648818739.862105 0.0084229800869784 -1.2176637673575121 
1648818739.8939905 0.0098878461890616 2.053216677287951 
1648818739.9429193 0.002441443503472 2.9485957508177894 
1648818739.9917066 0.0031738765545136 -0.010594216469764994 
1648818740.0009267 0.0031738765545136 -0.010594216469764994 
1648818740.0264108 0.0013427939269096 0.8358884733465906 
1648818740.05013 0.0013427939269096 0.8358884733465906 
1648818740.0705953 0.0020752269779512 2.2130407393475116 
1648818740.0904424 0.006713969634547999 -0.3063694003052455 
1648818740.0992205 0.006713969634547999 -0.3063694003052455 
1648818740.1230612 0.0032959487296872 1.768275398079183 
1648818740.1451037 0.012817578393228 -1.114118484199548 
1648818740.1505518 0.012817578393228 -1.114118484199548 
1648818740.2028651 0.011474784466318399 -0.4365680063501669 
1648818740.2192607 0.011474784466318399 -0.4365680063501669 
1648818740.302762 0.011474784466318399 -0.4365680063501669 
1648818740.3284833 0.011474784466318399 -0.4365680063501669 
1648818740.3677003 0.014648661020832 2.593090278642113 
1648818740.3939385 0.014648661020832 2.593090278642113 
1648818740.4269192 0.0133058670939224 -1.4913876408908335 
1648818740.5487418 0.0037842374303816 2.4067087689577775 
1648818740.557621 0.0037842374303816 2.4067087689577775 
1648818740.5740287 0.0081788357366312 -1.6514034534747613 
1648818740.59049 0.005737392233159199 0.9181494482998618 
1648818740.6067069 0.0141603723201376 -0.1522978539766826 
1648818740.6232088 0.0133058670939224 2.0457384068376534 
1648818740.6724584 0.0035400930800344 -2.004032667784939 
1648818740.688544 0.0081788357366312 -0.8015651294819901 
1648818740.704982 0.0032959487296872 2.507473669512426 
1648818740.7227573 0.0101319905394088 -0.05431333602534982 
1648818740.7540393 0.0131837949187488 -1.6486230708714456 
1648818740.786877 0.0222171358815952 -1.3056772580417815 
1648818740.8106124 0.0021972991531248 0.1101127386190095 
1648818740.8247457 0.0068360418097216 0.2653347880937722 
1648818740.840666 0.015381094071873599 -1.4537086628527967 
1648818740.852288 0.015381094071873599 -1.4537086628527967 
1648818740.8685756 0.0157473105973944 -1.1391419276293893 
1648818740.8898354 0.0113527122911448 2.0914709068990875 
1648818740.9086504 0.0133058670939224 -1.3763373262708736 
1648818740.9250507 0.0025635156786456 2.5265528466869025 
1648818740.9419343 0.0125734340428808 -0.779801444966381 
1648818740.9505916 0.0125734340428808 -0.779801444966381 
1648818740.9738536 0.0052491035324647994 1.1348275408341202 
1648818740.9909008 0.0142824444953112 -1.5706764827164226 
1648818741.0089886 0.0053711757076384 -2.4226240624772264 
1648818741.0239205 0.0157473105973944 -0.5916941805627465 
1648818741.0394547 0.0059815365835064 3.0251042100400625 
1648818741.0486815 0.0059815365835064 3.0251042100400625 
1648818741.0650606 0.00610360875868 0.1462577124621136 
1648818741.0813572 0.0117189288166656 -2.0971275473649227 
1648818741.103591 0.0178225375753456 -0.4408823931484154 
1648818741.1242142 0.021606775005727198 -1.743635455695096 
1648818741.1361144 0.020630197604338398 -0.9180535730346997 
1648818741.15254 0.010498207064929599 1.100408321710315 
1648818741.1693528 0.0086671244373256 -1.6003019387310624 
1648818741.2523205 0.0086671244373256 -1.6003019387310624 
1648818741.2847579 0.0086671244373256 -1.6003019387310624 
1648818741.3269656 0.0086671244373256 -1.6003019387310624 
1648818741.3597462 0.004882887006944 0.47923249802471446 
1648818741.3924675 0.0107423514152768 0.7603387667461501 
1648818741.4252803 0.0070801861600688 1.6736465143042665 
1648818741.451206 0.014648661020832 -1.8815040827146812 
1648818741.4585958 0.014648661020832 -1.8815040827146812 
1648818741.5307593 0.0035400930800344 1.936344732686508 
1648818741.546393 0.008545052262151999 -1.3065401354014312 
1648818741.5623205 0.0052491035324647994 2.5353733708077666 
1648818741.5723956 0.0052491035324647994 2.5353733708077666 
1648818741.5890272 0.009521629663540799 -1.7209130185576538 
1648818741.6288378 0.0075684748607632 2.817726017937585 
1648818741.6461945 0.0089112687876728 -1.5457489145487646 
1648818741.6617744 0.0081788357366312 1.8311695700714283 
1648818741.6786153 0.0068360418097216 -1.1057773363896009 
1648818741.687012 0.0068360418097216 -1.1057773363896009 
1648818741.710736 0.0156252384222208 -0.0697492532368611 
1648818741.7462547 0.0126955062180544 -2.434129093939222 
1648818741.7603846 0.0040283817807288 0.3299547148053166 
1648818741.776147 0.0074464026855896 -1.0193937251624474 
1648818741.7852015 0.0074464026855896 -1.0193937251624474 
1648818741.8253553 0.0107423514152768 2.010839811402932 
1648818741.8601375 0.003662165255208 -2.8918375956022966 
1648818741.874 0.0070801861600688 -0.49140865631901454 
1648818741.8908188 0.0101319905394088 1.8409488468141246 
1648818741.9071057 0.0108644235904504 -0.8279308265823975 
1648818741.9161532 0.0108644235904504 -0.8279308265823975 
1648818741.932556 0.007934691386284 1.4485313986978774 
1648818741.9568753 0.0118410009918392 -1.1485377033233528 
1648818741.9717815 0.0093995574883672 0.5321556427498964 
1648818742.0046625 0.0125734340428808 -1.3334810840749385 
1648818742.037949 0.0096437018387144 -0.05498446286063308 
1648818742.0701811 0.0123292896925336 -1.0031908058534698 
1648818742.1035466 0.0059815365835064 -1.6850556705010995 
1648818742.135755 0.0168459601739568 -0.3321598458325532 
1648818742.1616876 0.0168459601739568 -0.3321598458325532 
1648818742.2013853 0.0194094758526024 -1.4719249626676236 
1648818742.2675664 0.0194094758526024 -1.4719249626676236 
1648818742.2925465 0.0194094758526024 -1.4719249626676236 
1648818742.3487706 0.0107423514152768 -1.713338872845173 
1648818742.3645933 0.012817578393228 -0.2307238184426219 
1648818742.3795774 0.012451361867707199 -0.3569915387380278 
1648818742.4117274 0.0047608148317703994 -0.368880071248757 
1648818742.4234405 0.0047608148317703994 -0.368880071248757 
1648818742.4732916 0.0239261463340256 -1.393403122939501 
1648818742.4919572 0.0026855878538192 -1.4749929710574892 
1648818742.5144289 0.0045166704814232 -0.9520892911097709 
1648818742.527366 0.0034180209048608 -0.9770168592774291 
1648818742.5378237 0.0034180209048608 -0.9770168592774291 
1648818742.5592346 0.0020752269779512 1.944206504185539 
1648818742.5796194 0.0106202792401032 1.7351984326259444 
1648818742.5944705 0.0078126192111104 -2.8799490630915674 
1648818742.608625 0.0123292896925336 -0.7108671314565882 
1648818742.6239915 0.007690547035936799 -3.052428659759324 
1648818742.6404593 0.010498207064929599 -0.7412595895686942 
1648818742.652497 0.010498207064929599 -0.7412595895686942 
1648818742.6799364 0.0047608148317703994 -0.016442607462946235 
1648818742.6869884 0.0047608148317703994 -0.016442607462946235 
1648818742.70837 0.0045166704814232 -2.6691193615504907 
1648818742.7226403 0.0184328984512136 -1.4562014196695625 
1648818742.7397501 0.0100099183642352 2.638631028179181 
1648818742.7506776 0.0100099183642352 2.638631028179181 
1648818742.8161192 0.007690547035936799 -0.528320632259585 
1648818742.840522 0.0034180209048608 -0.09237581511212012 
1648818742.854148 0.0145265888456584 -1.6511158276882114 
1648818742.8730586 0.008545052262151999 -0.8112485309625033 
1648818742.8815162 0.008545052262151999 -0.8112485309625033 
1648818742.9021366 0.0123292896925336 -1.4234120800028738 
1648818742.9636397 0.0123292896925336 -1.4234120800028738 
1648818742.9960258 0.0083009079118048 -2.4964480143583674 
1648818743.0242345 0.0102540627145824 -1.4280140925876723 
1648818743.0369937 0.017090104524303998 -0.388918001045067 
1648818743.0615785 0.017090104524303998 -0.388918001045067 
1648818743.1505702 0.02441443503472 -1.5116173212115098 
1648818743.1760662 0.02441443503472 -1.5116173212115098 
1648818743.2156224 0.0100099183642352 -1.5693342290458565 
1648818743.2976837 0.0050049591821176 -2.211602610411783 
1648818743.313698 0.0052491035324647994 -1.0862187829042078 
1648818743.3233411 0.0052491035324647994 -1.0862187829042078 
1648818743.3452547 0.019531548027776 -1.2441253397201029 
1648818743.3605018 0.0148928053711792 -1.069344736759947 
1648818743.4125512 0.0139162279697904 -0.39630039623318103 
1648818743.4293764 0.0297856107423584 -1.7071069808032586 
1648818743.4465828 0.0090333409628464 -0.5629316019077564 
1648818743.4595604 0.0230716411078104 0.006855081247595596 
1648818743.4759703 0.0080567635614576 -1.4329996062212038 
1648818743.494628 0.00915541313802 -1.0768230072102445 
1648818743.5109005 0.0032959487296872 -0.2963983730381825 
1648818743.5197728 0.0032959487296872 -0.2963983730381825 
1648818743.5603836 0.0081788357366312 2.550521662232728 
1648818743.5767179 0.0052491035324647994 -1.4792114825935545 
1648818743.5927806 0.0141603723201376 -1.8265675574836504 
1648818743.6092677 0.0026855878538192 2.6374805250329807 
1648818743.6234546 0.004882887006944 2.5789966151011683 
1648818743.6390018 0.0002441443503472 0.38968500314551235 
1648818743.6760025 0.009521629663540799 -2.0727752307703646 
1648818743.6843297 0.009521629663540799 -2.0727752307703646 
1648818743.7001166 0.003662165255208 -2.5322094871527385 
1648818743.7238612 0.0151369497215264 -0.6795159207226491 
1648818743.739841 0.00305180437934 1.9917606342284557 
1648818743.7562962 0.0123292896925336 -2.05839394144287 
1648818743.7713413 0.017090104524303998 -1.3800764614960221 
1648818743.7870471 0.0068360418097216 0.576162388092031 
1648818743.7980433 0.0068360418097216 0.576162388092031 
1648818743.820528 0.0090333409628464 -1.6293521431726021 
1648818743.836496 0.0152590218967 -1.8624249055402045 
1648818743.84718 0.0152590218967 -1.8624249055402045 
1648818743.863401 0.005493247882812 -0.0846099188752727 
1648818743.879839 0.0032959487296872 -0.13293105101565583 
1648818743.912679 0.014648661020832 -1.3704889352776923 
1648818743.9348383 0.0078126192111104 -1.395320628183167 
1648818743.9515522 0.011596856641492 1.9837071122050585 
1648818743.9672184 0.0078126192111104 -1.598576184011763 
1648818743.9780445 0.0078126192111104 -1.598576184011763 
1648818744.0006046 0.012451361867707199 1.841140597338491 
1648818744.0166457 0.0111085679407976 -2.7917438218829314 
1648818744.0491014 0.014038300144964 2.000772908873686 
1648818744.0819068 0.0169680323491304 -2.5568494295338464 
1648818744.0983093 0.0162355992980888 1.2493984791431636 
1648818744.1315095 0.0142824444953112 1.5117131964766726 
1648818744.163784 0.0025635156786456 -1.5729774890088217 
1648818744.1815038 0.0025635156786456 -1.5729774890088217 
1648818744.231929 0.0025635156786456 -1.5729774890088217 
1648818744.2470508 0.0025635156786456 -1.5729774890088217 
1648818744.2796469 0.0025635156786456 -1.5729774890088217 
1648818744.297555 0.0203860532539912 -1.00347843164002 
1648818744.3140695 0.0184328984512136 -1.1983928396586687 
1648818744.3289707 0.0208743419546856 -0.4238165964797882 
1648818744.3441427 0.028076600289928 -0.5892972990081637 
1648818744.3610907 0.0271000228885392 -0.6122114866699726 
1648818744.3952494 0.0332036316472192 -0.9848786307764597 
1648818744.4108052 0.022583352407115998 -0.5137475924077233 
1648818744.4529178 0.022583352407115998 -0.5137475924077233 
1648818744.4781296 0.018921187151908 -1.787833951561597 
1648818744.4855864 0.018921187151908 -1.787833951561597 
1648818744.5066757 0.0112306401159712 -0.31145078920096037 
1648818744.5181713 0.0112306401159712 -0.31145078920096037 
1648818744.573855 0.0147707331960056 -0.770597419796784 
1648818744.5836947 0.0147707331960056 -0.770597419796784 
1648818744.6164885 0.013427939269095999 0.48488913849352944 
1648818744.6402943 0.01220721751736 -1.718420261740888 
1648818744.6545513 0.0081788357366312 -0.2351340805030535 
1648818744.6703975 0.0059815365835064 -1.905760524047056 
1648818744.6819477 0.0059815365835064 -1.905760524047056 
1648818744.7060583 0.017700465400171998 -2.147270309486789 
1648818744.720144 0.0178225375753456 -2.0752679875871305 
1648818744.730904 0.0178225375753456 -2.0752679875871305 
1648818744.752538 0.007202258335242399 0.9818106223895731 
1648818744.7684922 0.0147707331960056 -1.8633836581620375 
1648818744.7964194 0.0147707331960056 -1.8633836581620375 
1648818744.8528779 0.00305180437934 1.802215240892071 
1648818744.9029353 0.0070801861600688 0.8261091966038943 
1648818745.0016024 0.0063477531090272 1.6825629136873133 
1648818745.0257769 0.0063477531090272 1.6825629136873133 
1648818745.0639331 0.027466239414059998 -1.6648259901804232 
1648818745.1074078 0.027466239414059998 -1.6648259901804232 
1648818745.1317766 0.0173342488746512 -1.5243687310818888 
1648818745.1400661 0.0173342488746512 -1.5243687310818888 
1648818745.156456 0.0198977645532968 -1.607588458656993 
1648818745.1773102 0.0198977645532968 -1.607588458656993 
1648818745.1892374 0.0198977645532968 -1.607588458656993 
1648818745.205469 0.0198977645532968 -1.607588458656993 
1648818745.2221353 0.0198977645532968 -1.607588458656993 
1648818745.2442343 0.0198977645532968 -1.607588458656993 
1648818745.2546217 0.0198977645532968 -1.607588458656993 
1648818745.2949877 0.0191653315022552 -0.9065485415727035 
1648818745.3112764 0.031128404669268 -1.7992431077614097 
1648818745.336513 0.031128404669268 -1.7992431077614097 
1648818745.358149 0.011596856641492 -2.291466703810472 
1648818745.377871 0.006225680933853599 -1.1146937357726476 
1648818745.393005 0.0063477531090272 1.6273387626697318 
1648818745.4019103 0.0063477531090272 1.6273387626697318 
1648818745.4242628 0.0028076600289928 -0.4549760566893606 
1648818745.4388762 0.0166018158236096 -1.964532059765419 
1648818745.4510136 0.0166018158236096 -1.964532059765419 
1648818745.4674115 0.0101319905394088 -2.1974130716086546 
1648818745.4924028 0.0133058670939224 -1.8528373793218744 
1648818745.500044 0.0133058670939224 -1.8528373793218744 
1648818745.5213897 0.0150148775463528 -2.059927945637803 
1648818745.532834 0.0150148775463528 -2.059927945637803 
1648818745.5492082 0.0145265888456584 -0.01529210431674688 
1648818745.5703726 0.0028076600289928 0.5732861302265317 
1648818745.5867047 0.0135500114442696 0.24529685829746262 
1648818745.6029873 0.0142824444953112 -2.0303024896231627 
1648818745.614787 0.0142824444953112 -2.0303024896231627 
1648818745.638034 0.009521629663540799 0.26677291702652184 
1648818745.6695862 0.0123292896925336 -1.9606011740159037 
1648818745.703041 0.020141908903644 -1.786491697891031 
1648818745.7294636 0.020141908903644 -1.786491697891031 
1648818745.785845 0.0075684748607632 0.5446194268337252 
1648818745.8111608 0.0075684748607632 0.5446194268337252 
1648818745.8517785 0.0147707331960056 0.3979302756932763 
1648818745.8834515 0.010376134889756 -3.012736301215438 
1648818745.9256847 0.010376134889756 -3.012736301215438 
1648818745.965669 0.0123292896925336 -0.4081889287439102 
1648818745.9813411 0.0136720836194432 -0.7208381587236516 
1648818745.9967809 0.0218509193560744 -0.7035806115306573 
1648818746.0238125 0.0218509193560744 -0.7035806115306573 
1648818746.0564828 0.007934691386284 -0.42036508704118924 
1648818746.0806458 0.0217288471809008 -1.206446361682066 
1648818746.0959644 0.0251468680857616 -0.5313886406494506 
1648818746.105717 0.0251468680857616 -0.5313886406494506 
1648818746.1299112 0.0139162279697904 -0.4956271678550799 
1648818746.145591 0.0101319905394088 -0.6423163189955288 
1648818746.1595702 0.0101319905394088 -0.6423163189955288 
1648818746.1711483 0.0101319905394088 -0.6423163189955288 
1648818746.1918612 0.0101319905394088 -0.6423163189955288 
1648818746.2113843 0.0101319905394088 -0.6423163189955288 
1648818746.228318 0.0101319905394088 -0.6423163189955288 
1648818746.2466147 0.0101319905394088 -0.6423163189955288 
1648818746.2753792 0.0141603723201376 -2.308724251003466 
1648818746.2855206 0.0141603723201376 -2.308724251003466 
1648818746.3083754 0.006713969634547999 0.2121240175820409 
1648818746.318312 0.006713969634547999 0.2121240175820409 
1648818746.3405745 0.0040283817807288 -1.041636785988973 
1648818746.3510802 0.0040283817807288 -1.041636785988973 
1648818746.3674734 0.0163576714732624 -1.8992410062185918 
1648818746.3899045 0.0020752269779512 2.599226295421844 
1648818746.400167 0.0020752269779512 2.599226295421844 
1648818746.4231699 0.0162355992980888 -2.2092057288572007 
1648818746.4570448 0.0040283817807288 1.4063462833372258 
1648818746.507266 0.003662165255208 -1.150167582780469 
1648818746.5380995 0.0019531548027776 2.1839905349059716 
1648818746.5637023 0.0019531548027776 2.1839905349059716 
1648818746.5964465 0.0080567635614576 -0.6141289919136383 
1648818746.6865654 0.005737392233159199 -2.251199093693486 
1648818746.750707 0.0218509193560744 -1.6120945959796082 
1648818746.7763972 0.0218509193560744 -1.6120945959796082 
1648818746.8092074 0.0156252384222208 -0.4411700189349652 
1648818746.841802 0.0113527122911448 -2.89164584507793 
1648818746.8581698 0.0090333409628464 -1.0630169694558491 
1648818746.8971674 0.0179446097505192 -1.5485292971520803 
1648818746.913625 0.009765774013888 -1.8436333541522778 
1648818746.923445 0.009765774013888 -1.8436333541522778 
1648818746.9469306 0.027466239414059998 -1.4221657015944908 
1648818746.9562862 0.027466239414059998 -1.4221657015944908 
1648818746.972629 0.0092774853131936 -0.2684986717428419 
1648818746.9890575 0.0184328984512136 -0.04434230875828682 
1648818747.0107079 0.0081788357366312 0.6572728598991029 
1648818747.0266087 0.0064698252842008 0.30176738772342615 
1648818747.0380926 0.0064698252842008 0.30176738772342615 
1648818747.078725 0.0185549706263872 -1.3882258587816028 
1648818747.111034 0.0053711757076384 0.04367118192598296 
1648818747.1273203 0.0101319905394088 -1.9559991614311054 
1648818747.1420937 0.0040283817807288 -2.8435164634619134 
1648818747.1569371 0.0040283817807288 -2.8435164634619134 
1648818747.1734004 0.0040283817807288 -2.8435164634619134 
1648818747.1899984 0.0040283817807288 -2.8435164634619134 
1648818747.205961 0.0040283817807288 -2.8435164634619134 
1648818747.2180057 0.0040283817807288 -2.8435164634619134 
1648818747.2419057 0.0040283817807288 -2.8435164634619134 
1648818747.2577631 0.0040283817807288 -2.8435164634619134 
1648818747.2905407 0.0202639810788176 -0.01960649111499535 
1648818747.3060362 0.0089112687876728 -0.49639416995254626 
1648818747.340294 0.014038300144964 -0.5604388450909905 
1648818747.3571305 0.0021972991531248 -2.2197520076973634 
1648818747.3653715 0.0021972991531248 -2.2197520076973634 
1648818747.3860426 0.0020752269779512 -1.6086430865410095 
1648818747.4026313 0.0112306401159712 -1.9337561006045798 
1648818747.4406397 0.0056153200579856 -0.3305299663754373 
1648818747.4478052 0.0056153200579856 -0.3305299663754373 
1648818747.479959 0.0063477531090272 -1.0382811518125576 
1648818747.537722 0.0045166704814232 0.3095332839602736 
1648818747.601924 0.0150148775463528 -1.0566892021517513 
1648818747.6436994 0.0150148775463528 -1.0566892021517513 
1648818747.6764402 0.019653620202949598 -1.3082658901207305 
1648818747.716131 0.0075684748607632 -0.5112548355909574 
1648818747.7255588 0.0075684748607632 -0.5112548355909574 
1648818747.7419171 0.028686961165796 -0.9465285259031395 
1648818747.7583215 0.013427939269095999 0.2781820732263345 
1648818747.7963758 0.0078126192111104 1.4034700254717265 
1648818747.8633497 0.009765774013888 0.9076990447218822 
1648818747.8728528 0.009765774013888 0.9076990447218822 
1648818747.8959937 0.0007324330510416 1.6159296064699191 
1648818747.9098098 0.0065918974593744 -3.003532276045841 
1648818747.9219854 0.0065918974593744 -3.003532276045841 
1648818747.9460824 0.007690547035936799 0.6813375507071111 
1648818747.962108 0.014404516670484799 -1.7467993393471448 
1648818747.971062 0.014404516670484799 -1.7467993393471448 
1648818747.9902022 0.0083009079118048 -1.5194790927105404 
1648818748.0277297 0.014404516670484799 -2.455796903192648 
1648818748.0364275 0.014404516670484799 -2.455796903192648 
1648818748.093201 0.0086671244373256 -1.086314658166391 
1648818748.1248927 0.0089112687876728 -1.2377016971538217 
1648818748.1384242 0.0089112687876728 -1.2377016971538217 
1648818748.151076 0.0089112687876728 -1.2377016971538217 
1648818748.1736403 0.0089112687876728 -1.2377016971538217 
1648818748.1837864 0.0089112687876728 -1.2377016971538217 
1648818748.2064998 0.0089112687876728 -1.2377016971538217 
1648818748.2214808 0.0089112687876728 -1.2377016971538217 
1648818748.2576022 0.0089112687876728 -1.2377016971538217 
1648818748.2712574 0.0205081254291648 -1.226580166740559 
1648818748.2890532 0.0142824444953112 -1.7121883696989735 
1648818748.30416 0.024536507209893598 -0.4882447726669654 
1648818748.320554 0.025513084611282398 -1.6358716610010666 
1648818748.3310657 0.025513084611282398 -1.6358716610010666 
1648818748.3802137 0.0068360418097216 -1.6892741820371646 
1648818748.3970604 0.0065918974593744 -1.1607138616206318 
1648818748.4293451 0.0129396505684016 -0.7023342331222744 
1648818748.4702888 0.0174563210498248 -0.8460512511350413 
1648818748.4946969 0.0174563210498248 -0.8460512511350413 
1648818748.534279 0.008545052262151999 -1.9295375890685145 
1648818748.5668778 0.0086671244373256 -1.7017379661209937 
1648818748.599836 0.011474784466318399 0.18767582572529928 
1648818748.6256773 0.011474784466318399 0.18767582572529928 
1648818748.658382 0.0026855878538192 -1.4587900517485115 
1648818748.6812453 0.001831082627604 -2.6524370659305965 
1648818748.6910107 0.001831082627604 -2.6524370659305965 
1648818748.7073805 0.0157473105973944 -1.1861208060992063 
1648818748.7471685 0.0083009079118048 -1.4276305915389391 
1648818748.7565677 0.0083009079118048 -1.4276305915389391 
1648818748.7733371 0.0021972991531248 -2.6339331403292197 
1648818748.8107078 0.006225680933853599 -0.335898981057702 
1648818748.8460038 0.0026855878538192 -2.5884882660543354 
1648818748.9282162 0.0163576714732624 -1.1866960576723062 
1648818748.9364536 0.0163576714732624 -1.1866960576723062 
1648818748.9622226 0.0136720836194432 -0.6628336251027549 
1648818748.9806066 0.0070801861600688 0.2121240175820409 
1648818748.9861403 0.0070801861600688 0.2121240175820409 
1648818749.0065153 0.0106202792401032 -0.8606242909869026 
1648818749.0510907 0.0106202792401032 -0.8606242909869026 
1648818749.0750835 0.0118410009918392 -0.11931676378562717 
1648818749.0893834 0.0187991149767344 -1.380651713069122 
1648818749.1048162 0.0129396505684016 -1.2444129655066527 
1648818749.1164713 0.0129396505684016 -1.2444129655066527 
1648818749.13283 0.028809033340969598 -0.4006147830314295 
1648818749.1911817 0.028809033340969598 -0.4006147830314295 
1648818749.20785 0.028809033340969598 -0.4006147830314295 
1648818749.222439 0.028809033340969598 -0.4006147830314295 
1648818749.2355576 0.028809033340969598 -0.4006147830314295 
1648818749.2542105 0.008545052262151999 0.5749160096836481 
1648818749.286115 0.0023193713282984 1.1586046058555786 
1648818749.3022223 0.0028076600289928 -2.8378598229930985 
1648818749.3129094 0.0028076600289928 -2.8378598229930985 
1648818749.3293164 0.0025635156786456 2.0639547066524804 
1648818749.3524559 0.0070801861600688 -0.8052083894449553 
1648818749.366862 0.0081788357366312 0.7503677394790871 
1648818749.400429 0.0187991149767344 -2.3875337165181385 
1648818749.4191515 0.0187991149767344 0.06869462535582427 
1648818749.4438677 0.0187991149767344 0.06869462535582427 
1648818749.4832125 0.0031738765545136 -0.6108692329994065 
1648818749.5092614 0.0031738765545136 -0.6108692329994065 
1648818749.5489604 0.011596856641492 -1.6037534481696611 
1648818749.5582798 0.011596856641492 -1.6037534481696611 
1648818749.574606 0.0083009079118048 0.24261235095633005 
1648818749.594853 0.0023193713282984 -0.8707870687783328 
1648818749.6112022 0.0078126192111104 1.1631107431781933 
1648818749.6601527 0.0148928053711792 -0.07607702054095888 
1648818749.6764553 0.0148928053711792 -0.9076990447189033 
1648818749.6927161 0.0131837949187488 -0.381919106905686 
1648818749.726384 0.0126955062180544 -1.8134326465645383 
1648818749.7384512 0.0126955062180544 -1.8134326465645383 
1648818749.775748 0.0107423514152768 -1.0821920218925092 
1648818749.791873 0.0181887541008664 -0.7793220686554645 
1648818749.8111734 0.020141908903644 -0.5248691228209861 
1648818749.8277466 0.0148928053711792 -0.4495111667449123 
1648818749.8530152 0.0148928053711792 -0.4495111667449123 
1648818749.8751693 0.0161135271229152 -0.2567060144942963 
1648818749.9074965 0.0035400930800344 2.7160023647611036 
1648818749.9185114 0.0035400930800344 2.7160023647611036 
1648818749.9764643 0.0078126192111104 -0.9768251087530624 
1648818749.9917746 0.028076600289928 0.3990807788394757 
1648818750.0002937 0.028076600289928 0.3990807788394757 
1648818750.0199196 0.0069581139848952 0.18623769679254965 
1648818750.0362673 0.0126955062180544 0.14194332566386514 
1648818750.0528202 0.0064698252842008 2.5405506349656646 
1648818750.0694647 0.005493247882812 -0.9359822470629768 
1648818750.0821223 0.005493247882812 -0.9359822470629768 
1648818750.1310356 0.0162355992980888 -1.4627209374980268 
1648818750.1637824 0.0050049591821176 0.4836427600851465 
1648818750.1837316 0.0050049591821176 0.4836427600851465 
1648818750.2129056 0.0050049591821176 0.4836427600851465 
1648818750.232946 0.0050049591821176 0.4836427600851465 
1648818750.2492871 0.0069581139848952 -2.125314874446813 
1648818750.26555 0.003662165255208 2.679186264082716 
1648818750.281783 0.0185549706263872 0.5342648985179288 
1648818750.2983234 0.019653620202949598 -1.710462614979674 
1648818750.3274608 0.019653620202949598 -1.710462614979674 
1648818750.3517268 0.0156252384222208 -0.8822921002403286 
1648818750.376669 0.0156252384222208 -0.8822921002403286 
1648818750.409448 0.008545052262151999 -0.41720120338914013 
1648818750.4456427 0.0194094758526024 -0.37415321066883855 
1648818750.4746742 0.0194094758526024 -0.37415321066883855 
1648818750.496266 0.0230716411078104 -0.30052100931206427 
1648818750.5123758 0.012451361867707199 -0.24788549037343266 
1648818750.5238128 0.012451361867707199 -0.24788549037343266 
1648818750.545137 0.00305180437934 -1.7742196643315686 
1648818750.5565553 0.00305180437934 -1.7742196643315686 
1648818750.573034 0.015381094071873599 -0.29754887618438186 
1648818750.6220877 0.0046387426565968 0.08988305829833321 
1648818750.676032 0.0034180209048608 2.973331568461081 
1648818750.6918333 0.011596856641492 -1.7074904818519918 
1648818750.708615 0.0129396505684016 1.2523706122708456 
1648818750.7203746 0.0129396505684016 1.2523706122708456 
1648818750.7523713 0.0119630731670128 -1.6689486264543052 
1648818750.7579513 0.0119630731670128 -1.6689486264543052 
1648818750.778857 0.0090333409628464 -1.5234099784600557 
1648818750.8229418 0.0070801861600688 2.8581853785789377 
1648818750.8397012 0.0059815365835064 -0.19870148087339956 
1648818750.8556483 0.003662165255208 1.6561972165869054 
1648818750.8716977 0.0035400930800344 2.9241475589610477 
1648818750.8882902 0.010986495765624 -1.0612912147365496 
1648818750.9082367 0.0135500114442696 -1.7894638310187132 
1648818750.924678 0.0035400930800344 0.7018548568143372 
1648818750.941816 0.007934691386284 -1.1470995743906032 
1648818750.9541295 0.0075684748607632 -0.17281516008390874 
1648818750.9701543 0.0125734340428808 -1.3047185054199484 
1648818750.986589 0.0118410009918392 0.17473266533055387 
1648818750.998474 0.0118410009918392 0.17473266533055387 
1648818751.038394 0.017700465400171998 -0.4846015127040002 
1648818751.074996 0.0119630731670128 -0.9746199777228464 
1648818751.0883753 0.0223392080567688 -0.5387710358375646 
1648818751.1132264 0.0223392080567688 -0.5387710358375646 
1648818751.145928 0.0174563210498248 -1.3021298733409994 
1648818751.1683254 0.0174563210498248 -1.3021298733409994 
1648818751.1848032 0.0174563210498248 -1.3021298733409994 
1648818751.2020898 0.0174563210498248 -1.3021298733409994 
1648818751.227887 0.0174563210498248 -1.3021298733409994 
1648818751.260553 0.0174563210498248 -1.3021298733409994 
1648818751.3002641 0.0042725261310759995 -0.629948410173883 
1648818751.3323696 0.001831082627604 -1.6534168339806106 
1648818751.3649163 0.0141603723201376 -0.2712790543461576 
1648818751.448455 0.0093995574883672 -2.3331724428602074 
1648818751.4639895 0.0145265888456584 -0.16380288543867838 
1648818751.496502 0.00305180437934 -2.1878255453903246 
1648818751.5295649 0.0101319905394088 -1.9556156603823722 
1648818751.5463436 0.007324330510416 2.085239014857173 
1648818751.5550263 0.007324330510416 2.085239014857173 
1648818751.5713239 0.0155031662470472 -0.04875257081871842 
1648818751.592159 0.0090333409628464 0.5055981951251223 
1648818751.6083374 0.0157473105973944 -0.7706932950589676 
1648818751.6206279 0.0157473105973944 -0.7706932950589676 
1648818751.661309 0.0145265888456584 -0.9192999514430826 
1648818751.6710844 0.0145265888456584 -0.9192999514430826 
1648818751.6859324 0.022583352407115998 -0.5601512193044407 
1648818751.7059293 0.0223392080567688 -0.9706890919733313 
1648818751.7222013 0.022949568932636798 -1.0140247104801827 
1648818751.7388742 0.014648661020832 -0.5190207318278048 
1648818751.7715845 0.0126955062180544 -1.284776450885822 
1648818751.8039775 0.0212405584802064 -0.5832571574906158 
1648818751.820253 0.0125734340428808 -0.10905811073201432 
1648818751.8331559 0.0125734340428808 -0.10905811073201432 
1648818751.8530233 0.010498207064929599 0.17904705212880234 
1648818751.869383 0.0150148775463528 -1.7541817345352588 
1648818751.8857665 0.0040283817807288 -0.5384834100510147 
1648818751.8985872 0.0040283817807288 -0.5384834100510147 
1648818751.9149647 0.0113527122911448 0.05680609284509508 
1648818751.934791 0.0080567635614576 -0.9743323519362965 
1648818751.9514341 0.020630197604338398 1.3182369173907729 
1648818751.9675121 0.0042725261310759995 2.491750126514365 
1648818751.9841986 0.0126955062180544 -0.36897594651094057 
1648818752.000081 0.0019531548027776 2.2628000004206443 
1648818752.0133276 0.0019531548027776 2.2628000004206443 
1648818752.0329735 0.0107423514152768 -0.5869962927157646 
1648818752.049238 0.0100099183642352 -2.1266571281173796 
1648818752.0656424 0.010986495765624 -1.8691361738930354 
1648818752.078667 0.010986495765624 -1.8691361738930354 
1648818752.115144 0.0089112687876728 1.6243666295420498 
1648818752.1312435 0.0089112687876728 1.6243666295420498 
1648818752.1475708 0.0089112687876728 1.6243666295420498 
1648818752.1605878 0.0089112687876728 1.6243666295420498 
1648818752.1769223 0.0089112687876728 1.6243666295420498 
1648818752.2131064 0.0089112687876728 1.6243666295420498 
1648818752.2295465 0.0089112687876728 1.6243666295420498 
1648818752.245755 0.010376134889756 0.06946162745329065 
1648818752.2916143 0.010376134889756 0.06946162745329065 
1648818752.307728 0.0151369497215264 -0.8585150352188702 
1648818752.3242517 0.0198977645532968 -0.67721491443025 
1648818752.3440118 0.019653620202949598 -1.1694385104793121 
1648818752.3568335 0.019653620202949598 -1.1694385104793121 
1648818752.3732402 0.017700465400171998 -0.49265503472739747 
1648818752.422366 0.017700465400171998 -0.8978238927140234 
1648818752.4550216 0.005493247882812 -1.1756704025212266 
1648818752.4714096 0.0273441672388864 -1.4779651041851716 
1648818752.4877496 0.0125734340428808 -0.6826798043746982 
1648818752.5080113 0.0096437018387144 -1.471733212143257 
1648818752.5241895 0.0009765774013888 2.1333683964731893 
1648818752.5532317 0.0009765774013888 2.1333683964731893 
1648818752.569807 0.009765774013888 -2.0315488680315457 
1648818752.5860236 0.0017090104524304 -2.7991262170710454 
1648818752.6188025 0.0065918974593744 1.5432561577349784 
1648818752.6387901 0.0100099183642352 -0.7282205539117657 
1648818752.6514277 0.0100099183642352 -0.7282205539117657 
1648818752.6678462 0.0047608148317703994 0.4742469843911832 
1648818752.6877084 0.0035400930800344 1.0897661676079693 
1648818752.753334 0.0080567635614576 0.5932281847606582 
1648818752.7661521 0.0080567635614576 0.5932281847606582 
1648818752.782555 0.0025635156786456 -2.619360100477358 
1648818752.802226 0.002441443503472 0.424104222269317 
1648818752.8151357 0.002441443503472 0.424104222269317 
1648818752.8314488 0.0101319905394088 -1.5360655130682512 
1648818752.851195 0.006713969634547999 2.0540795546476005 
1648818752.8643436 0.006713969634547999 2.0540795546476005 
1648818752.8839235 0.0093995574883672 -0.5420307947517968 
1648818752.900498 0.0147707331960056 0.4990786772966578 
1648818752.9296534 0.0147707331960056 0.4990786772966578 
1648818752.966098 0.0174563210498248 -1.0526624411400527 
1648818752.9952273 0.0174563210498248 -1.0526624411400527 
1648818753.0314949 0.015869382772568 -0.10464784867158228 
1648818753.0477688 0.0157473105973944 -0.2789490753208219 
1648818753.0639243 0.0145265888456584 -0.40291578932382865 
1648818753.0769525 0.0145265888456584 -0.40291578932382865 
1648818753.0966685 0.006225680933853599 -1.297815486542751 
1648818753.1132488 0.006225680933853599 -1.297815486542751 
1648818753.1462524 0.006225680933853599 -1.297815486542751 
1648818753.1588356 0.006225680933853599 -1.297815486542751 
1648818753.195332 0.006225680933853599 -1.297815486542751 
1648818753.2244062 0.006225680933853599 -1.297815486542751 
1648818753.2442722 0.0034180209048608 -0.18240268630223877 
1648818753.2603357 0.014038300144964 0.9493089085094342 
1648818753.2770662 0.0333257038223928 0.19668810037052964 
1648818753.2934787 0.0211184863050328 -2.5625060700026614 
1648818753.3062043 0.0211184863050328 -2.5625060700026614 
1648818753.3265467 0.00915541313802 -0.5611099719262738 
1648818753.3631017 0.0009765774013888 -2.943418486656912 
1648818753.3716233 0.0009765774013888 -2.943418486656912 
1648818753.388025 0.0081788357366312 -1.267518903692828 
1648818753.4372284 0.0053711757076384 0.44423802732781015 
1648818753.4612167 0.0100099183642352 -0.8678149356506504 
1648818753.4777853 0.0074464026855896 -0.5622604750724731 
1648818753.4913616 0.0113527122911448 -1.2985824886402173 
1648818753.518972 0.0113527122911448 -1.2985824886402173 
1648818753.5354412 0.0208743419546856 -0.6748180328756672 
1648818753.5569475 0.0150148775463528 -0.20339936872038145 
1648818753.5681665 0.0150148775463528 -0.20339936872038145 
1648818753.5844796 0.022949568932636798 -1.1873671845075893 
1648818753.6073341 0.019531548027776 -0.07751514947370852 
1648818753.617279 0.019531548027776 -0.07751514947370852 
1648818753.6383984 0.01831082627604 -1.6550467134377267 
1648818753.6500587 0.01831082627604 -1.6550467134377267 
1648818753.6724339 0.018677042801560798 0.11586525435000761 
1648818753.707086 0.0147707331960056 -1.921675817569484 
1648818753.7209558 0.0064698252842008 0.06907812640455724 
1648818753.7644892 0.0064698252842008 0.06907812640455724 
1648818753.801244 0.0043945983062496 -0.14203920092306932 
1648818753.8137052 0.0043945983062496 -0.14203920092306932 
1648818753.851045 0.0028076600289928 1.0382811518155366 
1648818753.8698332 0.0130617227435752 -0.9205463298514651 
1648818753.9023 0.0070801861600688 -2.0157294497713014 
1648818753.9176185 0.00915541313802 -1.3210172999911094 
1648818753.9346344 0.0112306401159712 0.378084096421333 
1648818753.9487824 0.011474784466318399 -2.5735317251537406 
1648818753.9608877 0.011474784466318399 -2.5735317251537406 
1648818753.9773967 0.010498207064929599 -0.7850745843864626 
1648818754.002973 0.0141603723201376 0.5681088660686338 
1648818754.0496376 0.0129396505684016 0.13657431098160044 
1648818754.0755446 0.0129396505684016 0.13657431098160044 
1648818754.0918162 0.0155031662470472 0.5504678178269065 
1648818754.112059 0.0093995574883672 -0.877881838179897 
1648818754.1450574 0.0093995574883672 -0.877881838179897 
1648818754.1737576 0.0093995574883672 -0.877881838179897 
1648818754.2067013 0.0093995574883672 -0.877881838179897 
1648818754.2228584 0.0093995574883672 -0.877881838179897 
1648818754.2554915 0.018921187151908 -0.3763583416990546 
1648818754.2724824 0.0233157854581576 -0.40665492454897745 
1648818754.294049 0.0233157854581576 -0.7135516387977208 
1648818754.3091552 0.0130617227435752 -0.9945620322569728 
1648818754.3289793 0.0239261463340256 -0.5012838083238944 
1648818754.3456225 0.0200198367284704 -1.5197667184970902 
1648818754.3537962 0.0200198367284704 -1.5197667184970902 
1648818754.3701363 0.0084229800869784 0.6961982163455227 
1648818754.3865762 0.0063477531090272 -0.267252293334459 
1648818754.4028282 0.0083009079118048 2.879277936259264 
1648818754.4240108 0.0081788357366312 -0.998684668530855 
1648818754.4404285 0.0133058670939224 0.39524576835214376 
1648818754.459675 0.0010986495765624 0.8284102028962934 
1648818754.468332 0.0010986495765624 0.8284102028962934 
1648818754.4934855 0.015381094071873599 -0.8856477344167439 
1648818754.5067363 0.0117189288166656 2.8973983608119074 
1648818754.5173125 0.0117189288166656 2.8973983608119074 
1648818754.5391173 0.0151369497215264 -0.526978378589019 
1648818754.5710862 0.0086671244373256 1.5831402668032313 
1648818754.5827081 0.0086671244373256 1.5831402668032313 
1648818754.62302 0.0107423514152768 0.4928467852547431 
1648818754.638277 0.0119630731670128 -0.9723189714304472 
1648818754.7046864 0.0107423514152768 -0.5549739551465422 
1648818754.7535396 0.009521629663540799 -1.110283473712216 
1648818754.7859058 0.0156252384222208 -1.9020213888219075 
1648818754.81746 0.0305180437934 -0.4069425503355273 
1648818754.8339646 0.0092774853131936 -1.1775879077648925 
1648818754.8503382 0.0131837949187488 -1.0522789400913197 
1648818754.868081 0.0101319905394088 -0.1446278330020183 
1648818754.8830721 0.0230716411078104 -0.5059816961708763 
1648818754.8992972 0.0258793011368032 -1.5409551514395996 
1648818754.9098713 0.0258793011368032 -1.5409551514395996 
1648818754.9427638 0.010986495765624 -0.44596378204413023 
1648818754.9590552 0.007690547035936799 -1.9336602253423965 
1648818755.015343 0.0120851453421864 0.19237371357228117 
1648818755.0319428 0.0155031662470472 0.605212592533571 
1648818755.0409412 0.0155031662470472 0.605212592533571 
1648818755.06149 0.007202258335242399 -0.9391461307150255 
1648818755.0782204 0.0180666819256928 0.1372454378168837 
1648818755.0968208 0.0166018158236096 0.2948643688462287 
1648818755.1301315 0.0166018158236096 0.2948643688462287 
1648818755.1391487 0.0166018158236096 0.2948643688462287 
1648818755.1608858 0.0166018158236096 0.2948643688462287 
1648818755.1944685 0.0166018158236096 0.2948643688462287 
1648818755.2100224 0.0166018158236096 0.2948643688462287 
1648818755.2290514 0.0075684748607632 -1.4213028242348413 
1648818755.2440608 0.006225680933853599 -0.6518079699516752 
1648818755.2755742 0.0131837949187488 -0.04137017563060441 
1648818755.286301 0.0131837949187488 -0.04137017563060441 
1648818755.3082106 0.007324330510416 -1.5799763831482028 
1648818755.3245583 0.010986495765624 -0.42132383966302234 
1648818755.3407774 0.014038300144964 -0.22947744003423898 
1648818755.3573349 0.0083009079118048 1.1639736205378428 
1648818755.368055 0.0083009079118048 1.1639736205378428 
1648818755.3846169 0.027466239414059998 -0.805400139969322 
1648818755.4090722 0.020630197604338398 -0.7270700507655659 
1648818755.4256165 0.0240482185091992 -0.6449049510744778 
1648818755.440058 0.0203860532539912 -1.4002102665545153 
1648818755.4500368 0.0203860532539912 -1.4002102665545153 
1648818755.4713552 0.0257572289616296 -0.715948520352303 
1648818755.4826522 0.0257572289616296 -0.715948520352303 
1648818755.504103 0.011596856641492 -0.8811415970941292 
1648818755.5212379 0.019043259327081598 -1.0940805544032384 
1648818755.536704 0.0131837949187488 -1.8794907022088319 
1648818755.5480456 0.0131837949187488 -1.8794907022088319 
1648818755.5715628 0.0098878461890616 -1.8304025679709823 
1648818755.5972905 0.0098878461890616 -1.8304025679709823 
1648818755.6185615 0.0050049591821176 -2.0444920284262915 
1648818755.6353824 0.0043945983062496 -0.5363741542829823 
1648818755.651734 0.0090333409628464 -0.5583295893229581 
1648818755.6674066 0.010498207064929599 -0.6027198357138257 
1648818755.6789186 0.010498207064929599 -0.6027198357138257 
1648818755.6954777 0.0125734340428808 -1.8125697692048885 
1648818755.752056 0.0074464026855896 2.333747694436287 
1648818755.77719 0.0074464026855896 2.333747694436287 
1648818755.8426251 0.009521629663540799 -0.21432914860927754 
1648818755.9017575 0.0040283817807288 -0.4280351080158531 
1648818755.932601 0.017090104524303998 -0.41125693713377576 
1648818755.9408746 0.017090104524303998 -0.41125693713377576 
1648818755.9572651 0.029297322041664 -0.5785592696436344 
1648818755.9737332 0.0184328984512136 -1.3364532172026207 
1648818755.9900005 0.0161135271229152 -0.7306174354663479 
1648818756.0107176 0.015381094071873599 -0.6152794950598381 
1648818756.0271883 0.0168459601739568 -0.8245751924059821 
1648818756.0390928 0.0168459601739568 -0.8245751924059821 
1648818756.0628932 0.020752269779512 0.2184517848861387 
1648818756.0794659 0.0218509193560744 -1.6852474210254662 
1648818756.0930119 0.0218509193560744 -1.6852474210254662 
1648818756.1255665 0.0218509193560744 -1.6852474210254662 
1648818756.142584 0.0218509193560744 -1.6852474210254662 
1648818756.1595137 0.0218509193560744 -1.6852474210254662 
1648818756.1758559 0.0218509193560744 -1.6852474210254662 
1648818756.1864061 0.0218509193560744 -1.6852474210254662 
1648818756.2026975 0.0218509193560744 -1.6852474210254662 
1648818756.2254362 0.001831082627604 -2.4807244713603063 
1648818756.2353175 0.001831082627604 -2.4807244713603063 
1648818756.2560775 0.016479743648436 0.47300060598280025 
1648818756.2771604 0.0083009079118048 0.43791026002371236 
1648818756.291398 0.0142824444953112 -1.6933968183110466 
1648818756.3069677 0.0083009079118048 1.999814156251853 
1648818756.3579836 0.0070801861600688 -2.9815768410058654 
1648818756.3752093 0.0102540627145824 0.006088079150129211 
1648818756.382514 0.0102540627145824 0.006088079150129211 
1648818756.3989804 0.0078126192111104 -0.11950851430999387 
1648818756.415231 0.0059815365835064 -1.0707828656926965 
1648818756.4563715 0.0141603723201376 -1.5590755759922432 
1648818756.4716055 0.025635156786456 -2.014291320838552 
1648818756.4853673 0.023193713282984 -0.09582732455071863 
1648818756.500984 0.0184328984512136 -0.006663330720249938 
1648818756.5176718 0.011596856641492 -0.6428915705686284 
1648818756.5337365 0.026855878538191998 -0.4345546258443176 
1648818756.553459 0.024902723735414398 -0.851036764768573 
1648818756.5790224 0.024902723735414398 -0.851036764768573 
1648818756.6184707 0.019043259327081598 -1.0813291445328592 
1648818756.6523101 0.019043259327081598 -0.22535480376035721 
1648818756.6852887 0.014648661020832 -0.029481643119875223 
1648818756.7097812 0.014648661020832 -0.029481643119875223 
1648818756.7589831 0.0047608148317703994 0.13178054787243543 
1648818756.7820787 0.0092774853131936 0.8477770058573197 
1648818756.798221 0.001831082627604 -1.6045204502671275 
1648818756.8183734 0.011596856641492 -0.04002792196003835 
1648818756.8242729 0.011596856641492 -0.04002792196003835 
1648818756.8452125 0.0126955062180544 -1.4744177194843895 
1648818756.8574514 0.0126955062180544 -1.4744177194843895 
1648818756.8961148 0.001831082627604 2.3382538317589017 
1648818756.9122186 0.007202258335242399 -1.5921525414454818 
1648818756.9225607 0.007202258335242399 -1.5921525414454818 
1648818756.9390204 0.0043945983062496 -2.1333683964702104 
1648818756.955258 0.014404516670484799 0.18518306890853342 
1648818757.029735 0.007324330510416 -0.8932218801292247 
1648818757.0446737 0.0161135271229152 -0.9438440185620074 
1648818757.0923018 0.020752269779512 -0.4538255535431608 
1648818757.1086287 0.020752269779512 -0.4538255535431608 
1648818757.124933 0.020752269779512 -0.4538255535431608 
1648818757.1415172 0.020752269779512 -0.4538255535431608 
1648818757.157366 0.020752269779512 -0.4538255535431608 
1648818757.1680577 0.020752269779512 -0.4538255535431608 
1648818757.190424 0.020752269779512 -0.4538255535431608 
1648818757.2067902 0.0120851453421864 -1.0076010679139018 
1648818757.2170765 0.0120851453421864 -1.0076010679139018 
1648818757.2400153 0.018677042801560798 -1.6515952039991277 
1648818757.2662115 0.018677042801560798 -1.6515952039991277 
1648818757.2825327 0.0137941557946168 0.13964231937146598 
1648818757.3154664 0.0130617227435752 -1.1580293542794995 
1648818757.3374057 0.0090333409628464 -0.8353132217705115 
1648818757.4062145 0.010376134889756 -2.0607908229974523 
1648818757.4298117 0.010376134889756 -2.0607908229974523 
1648818757.4695976 0.0009765774013888 1.2608076353429762 
1648818757.4952765 0.0009765774013888 1.2608076353429762 
1648818757.5278907 0.0074464026855896 -2.5380578781459198 
1648818757.567796 0.0068360418097216 0.7020466073387039 
1648818757.5934238 0.0068360418097216 0.7020466073387039 
1648818757.6260483 0.0126955062180544 0.15766686866192625 
1648818757.665656 0.0157473105973944 -0.8658974304069842 
1648818757.6916444 0.0157473105973944 -0.8658974304069842 
1648818757.7150311 0.0168459601739568 -1.1147896110348312 
1648818757.7242515 0.0168459601739568 -1.1147896110348312 
1648818757.7456715 0.0151369497215264 -1.4120987990652445 
1648818757.7618442 0.0145265888456584 -1.1967629602015526 
1648818757.7778156 0.028076600289928 -0.7583253862373218 
1648818757.7985756 0.0197756923781232 -0.6197856323824533 
1648818757.8111005 0.0133058670939224 -1.0107649515659505 
1648818757.822495 0.0133058670939224 -1.0107649515659505 
1648818757.844023 0.0102540627145824 -1.3829527193615212 
1648818757.863103 0.0064698252842008 2.2910832027647183 
1648818757.8879209 0.0064698252842008 2.2910832027647183 
1648818757.904277 0.0101319905394088 -2.7342186645729516 
1648818757.920693 0.0025635156786456 2.6593400848107738 
1648818757.9368758 0.0084229800869784 0.9066444168378665 
1648818757.9584444 0.0078126192111104 0.31576517600218823 
1648818757.9744797 0.0113527122911448 0.5999394531134894 
1648818757.986159 0.0113527122911448 0.5999394531134894 
1648818758.0292175 0.0075684748607632 1.270970413134406 
1648818758.0443723 0.018921187151908 0.23503820524384977 
1648818758.073517 0.00305180437934 -3.003724026570208 
1648818758.089724 0.00305180437934 -3.003724026570208 
1648818758.116671 0.00305180437934 -3.003724026570208 
1648818758.1333447 0.00305180437934 -3.003724026570208 
1648818758.149683 0.00305180437934 -3.003724026570208 
1648818758.1716297 0.00305180437934 -3.003724026570208 
1648818758.182376 0.00305180437934 -3.003724026570208 
1648818758.2151325 0.00305180437934 -3.003724026570208 
1648818758.2368596 0.0173342488746512 0.041657801420133644 
1648818758.2530034 0.021606775005727198 -0.6666686355900868 
1648818758.2643642 0.021606775005727198 -0.6666686355900868 
1648818758.2851272 0.0111085679407976 0.7957167384917878 
1648818758.301686 0.0148928053711792 0.1871005741521996 
1648818758.3179717 0.0068360418097216 -0.8415451138124261 
1648818758.3297553 0.0068360418097216 -0.8415451138124261 
1648818758.369593 0.025513084611282398 -1.1396213039403058 
1648818758.3953018 0.025513084611282398 -1.1396213039403058 
1648818758.4346228 0.0042725261310759995 1.6849597952418955 
1648818758.460556 0.0042725261310759995 1.6849597952418955 
1648818758.5007253 0.0081788357366312 -2.1902224269449073 
1648818758.5335696 0.0080567635614576 -1.4956061524268986 
1648818758.5657406 0.0052491035324647994 -2.065872211893167 
1648818758.5985467 0.014038300144964 -1.6943555709328797 
1648818758.6148145 0.0050049591821176 -0.772802550827 
1648818758.640641 0.0050049591821176 -0.772802550827 
1648818758.6613321 0.0050049591821176 -0.8738550771681983 
1648818758.678024 0.0051270313572912 0.5767376396651307 
1648818758.6897311 0.0051270313572912 0.5767376396651307 
1648818758.706064 0.007690547035936799 -0.9338729912949439 
1648818758.7447484 0.020996414129859198 -1.2853517024589218 
1648818758.7626572 0.0056153200579856 -0.1612142533597294 
1648818758.784582 0.015381094071873599 0.08470579414043522 
1648818758.7957714 0.0090333409628464 -0.20407049555566426 
1648818758.8085005 0.0101319905394088 -0.5528646993785098 
1648818758.827487 0.0157473105973944 -0.2777985721746221 
1648818758.8416767 0.0090333409628464 -1.07989101560011 
1648818758.8533993 0.0090333409628464 -1.07989101560011 
1648818758.8860419 0.0212405584802064 -0.7846910833377292 
1648818758.9188166 0.0131837949187488 -0.2575688918539458 
1648818758.9424865 0.00915541313802 -1.063304595242399 
1648818758.9911551 0.0100099183642352 0.9799889924080905 
1648818759.000541 0.0100099183642352 0.9799889924080905 
1648818759.0236914 0.0029297322041664 -1.8449756078228439 
1648818759.0574675 0.0058594644083328 0.4733841070315332 
1648818759.0736666 0.0087891966124992 -0.4428957736542647 
1648818759.0903492 0.0087891966124992 -0.4428957736542647 
1648818759.104859 0.0087891966124992 -0.4428957736542647 
1648818759.1315844 0.0087891966124992 -0.4428957736542647 
1648818759.1562846 0.0087891966124992 -0.4428957736542647 
1648818759.1640797 0.0087891966124992 -0.4428957736542647 
1648818759.1968627 0.0087891966124992 -0.4428957736542647 
1648818759.2297578 0.008545052262151999 -0.6348380485452312 
1648818759.262373 0.0156252384222208 0.07013275428857346 
1648818759.302064 0.0163576714732624 -0.08595217254583876 
1648818759.3510761 0.012451361867707199 -0.2656224138773431 
1648818759.3768308 0.012451361867707199 -0.2656224138773431 
1648818759.4167366 0.0162355992980888 -0.05498446286063308 
1648818759.44233 0.0162355992980888 -0.05498446286063308 
1648818759.4587119 0.0133058670939224 -0.6441379489770114 
1648818759.4748583 0.0118410009918392 -1.3205379236801928 
1648818759.5077617 0.035400930800343997 -0.48047887643011844 
1648818759.5241146 0.0147707331960056 -0.522184615479854 
1648818759.547383 0.0040283817807288 -3.0186805674708026 
1648818759.5788283 0.006225680933853599 -2.305847993137967 
1648818759.5951552 0.012451361867707199 -0.05076595132456774 
1648818759.6127331 0.0032959487296872 1.8774773217059622 
1648818759.6221337 0.0032959487296872 1.8774773217059622 
1648818759.6386743 0.0021972991531248 -0.6546842278171745 
1648818759.6637242 0.0083009079118048 -1.112872105791165 
1648818759.678738 0.0059815365835064 -1.455722043358646 
1648818759.692397 0.0080567635614576 -0.6265927759974677 
1648818759.7086506 0.017700465400171998 -1.7464158382984116 
1648818759.724854 0.007690547035936799 -0.272046056443624 
1648818759.7449882 0.0152590218967 -0.14069694725250326 
1648818759.7705853 0.0162355992980888 -1.669907379076138 
1648818759.7857668 0.0162355992980888 -1.669907379076138 
1648818759.8023732 0.011474784466318399 -0.10090871344643348 
1648818759.8259437 0.005737392233159199 0.6180598776661332 
1648818759.842871 0.015869382772568 0.31125903867957305 
1648818759.8588307 0.0123292896925336 -1.3130596532298955 
1648818759.8676865 0.0123292896925336 -1.3130596532298955 
1648818759.8839602 0.009765774013888 -0.12468577846789186 
1648818759.9004116 0.0139162279697904 -0.23551758155178693 
1648818759.924162 0.0203860532539912 -0.27588106693095593 
1648818759.9403996 0.019531548027776 -0.7014713557626249 
1648818759.9582567 0.0205081254291648 -0.759380014121338 
1648818759.966037 0.0205081254291648 -0.759380014121338 
1648818759.9891849 0.0175783932249984 -0.5556450819818255 
1648818760.0062044 0.0200198367284704 -0.7964837405862752 
1648818760.0391412 0.01220721751736 -0.6879529437947793 
1648818760.0545995 0.0179446097505192 -0.841449238550243 
1648818760.0872724 0.0179446097505192 -0.841449238550243 
1648818760.1294112 0.0179446097505192 -0.841449238550243 
1648818760.1621048 0.0179446097505192 -0.841449238550243 
1648818760.2112317 0.0179446097505192 -0.841449238550243 
1648818760.2275903 0.0102540627145824 0.008484960704711497 
1648818760.2672212 0.016479743648436 0.17108940536758865 
1648818760.2929702 0.016479743648436 0.17108940536758865 
1648818760.3328805 0.0043945983062496 -0.2960148719894491 
1648818760.3583615 0.0043945983062496 -0.2960148719894491 
1648818760.3819563 0.022583352407115998 -0.4254464759369041 
1648818760.396317 0.0083009079118048 -1.1155566131322976 
1648818760.4114618 0.0117189288166656 -0.026126008943459844 
1648818760.4624927 0.0148928053711792 -0.7623521472490205 
1648818760.473084 0.0148928053711792 -0.7623521472490205 
1648818760.4957376 0.026245517662324 -1.5248481073928053 
1648818760.5059354 0.026245517662324 -1.5248481073928053 
1648818760.5270007 0.0314946211947888 -0.45631831035992665 
1648818760.5431886 0.0157473105973944 -0.5218969896933041 
1648818760.559998 0.0205081254291648 -0.8964816390434569 
1648818760.5709703 0.0205081254291648 -0.8964816390434569 
1648818760.587435 0.0145265888456584 -0.3829737347897022 
1648818760.6091008 0.0167238879987832 -1.379692960447289 
1648818760.628302 0.0180666819256928 -0.6717500244858017 
1648818760.6428735 0.0145265888456584 -1.3335769593371218 
1648818760.6577802 0.0156252384222208 0.6424121942606913 
1648818760.669153 0.0156252384222208 0.6424121942606913 
1648818760.6901288 0.0058594644083328 -1.5147812048635587 
1648818760.7266822 0.0052491035324647994 -2.47880696611664 
1648818760.744698 0.0084229800869784 -0.49025815317281474 
1648818760.75072 0.0084229800869784 -0.49025815317281474 
1648818760.7714798 0.0046387426565968 -0.11989201535872684 
1648818760.787387 0.006225680933853599 -2.417446798319328 
1648818760.8042088 0.009521629663540799 0.8027156326311689 
1648818760.819937 0.0074464026855896 -1.178067284075809 
1648818760.8401818 0.0112306401159712 -0.22468367692507396 
1648818760.856402 0.0029297322041664 1.1701096373175748 
1648818760.8652449 0.0029297322041664 1.1701096373175748 
1648818760.918822 0.003662165255208 -0.8785529650151798 
1648818760.9381325 0.0155031662470472 0.20675500289977622 
1648818760.9866104 0.0139162279697904 -0.8361760991301614 
1648818761.0198975 0.0212405584802064 0.06831112430709085 
1648818761.0520391 0.0173342488746512 -0.13024654367452326 
1648818761.0614603 0.0173342488746512 -0.13024654367452326 
1648818761.0822477 0.0173342488746512 -0.13024654367452326 
1648818761.0942297 0.0173342488746512 -0.13024654367452326 
1648818761.1105924 0.0173342488746512 -0.13024654367452326 
1648818761.1312532 0.0173342488746512 -0.13024654367452326 
1648818761.1482012 0.0173342488746512 -0.13024654367452326 
1648818761.1642437 0.0173342488746512 -0.13024654367452326 
1648818761.1759782 0.0173342488746512 -0.13024654367452326 
1648818761.2156343 0.014404516670484799 0.04539693664528199 
1648818761.2492867 0.0093995574883672 0.846243001662387 
1648818761.2644787 0.01831082627604 1.0003145479909499 
1648818761.274197 0.01831082627604 1.0003145479909499 
1648818761.3138862 0.0148928053711792 0.5990765757538399 
1648818761.3234355 0.0148928053711792 0.5990765757538399 
1648818761.3468108 0.0295414663920112 0.42870623485411574 
1648818761.3558285 0.0295414663920112 0.42870623485411574 
1648818761.3722172 0.0119630731670128 0.11270137069795894 
1648818761.394283 0.0145265888456584 0.812015533062949 
1648818761.4288602 0.0108644235904504 -1.2494943544023676 
1648818761.445692 0.0065918974593744 -0.1251651547788084 
1648818761.45395 0.0065918974593744 -0.1251651547788084 
1648818761.470209 0.00610360875868 -2.2350920496466915 
1648818761.5091887 0.0147707331960056 -1.2104731226937646 
1648818761.5255818 0.012451361867707199 0.7556408788991686 
1648818761.5417764 0.0253910124361088 0.19860560561419538 
1648818761.5583925 0.0150148775463528 -1.375857949959957 
1648818761.5744238 0.0338139925230872 -0.37626246643687145 
1648818761.5849433 0.0338139925230872 -0.37626246643687145 
1648818761.6338918 0.0281986724651016 -0.8181515498397007 
1648818761.6503963 0.0175783932249984 -0.4160507002429408 
1648818761.6733713 0.0227054245822896 0.36811306915427 
1648818761.6830974 0.0227054245822896 0.36811306915427 
1648818761.719945 0.0272220950637128 -0.9127804336146181 
1648818761.7368548 0.009765774013888 0.393328263108478 
1648818761.7725697 0.0102540627145824 -1.3984845118352158 
1648818761.7976005 0.0102540627145824 -1.3984845118352158 
1648818761.8302526 0.0010986495765624 0.8004146263387697 
1648818761.8526287 0.0126955062180544 -1.1620561152911981 
1648818761.8699927 0.0017090104524304 -2.487148113926587 
1648818761.9025471 0.013427939269095999 -0.8427914922208091 
1648818761.9357133 0.017090104524303998 0.5042559414545558 
